SplitterH.X=587.012573
SplitterH.Y=480.500000
SplitterH.Height=961.000000
ViewportType3=0
SplitterH.Width=20.000000
CameraSpeedScalar3=1.000000
SplitterV.X=0.000000
SplitterV.Width=984.000000
CameraSpeedScalar2=2.598000
SplitterV.Y=525.270752
SplitterV.Height=20.000000
PerspectiveCameraRotX2=0.000000
ShowFlag1=15
CameraSpeedSetting0=1
CameraSpeedScalar0=2.200000
GridSize0=10.000000
PerspectiveCameraRotY2=0.926283
PerspectiveCameraLocX0=11.567041
PerspectiveCameraLocY0=33.525154
PerspectiveCameraLocZ0=3.123714
ShowFlag3=15
CameraSpeedSetting2=1
PerspectiveCameraRotX0=0.000000
PerspectiveCameraLocX2=-9.997790
PerspectiveCameraRotY0=-9.073712
PerspectiveCameraRotZ0=-79.629951
PerspectiveCameraRotX3=0.000000
CameraSpeedSetting1=1
ShowFlag0=15
bMutiView=1
ViewMode0=1
ViewportType0=0
CameraSpeedScalar1=3.400000
GridSize1=10.000000
PerspectiveCameraRotY3=10.599998
PerspectiveCameraLocX1=-12.458916
ScreenHeight=0
PerspectiveCameraLocY1=1.887910
PerspectiveCameraLocZ1=5.717719
CameraSpeedSetting3=1
ShowFlag2=15
PerspectiveCameraRotX1=0.000000
PerspectiveCameraLocX3=14.551066
PerspectiveCameraRotY1=-3.700031
PerspectiveCameraRotZ1=77.699928
ViewMode1=1
ViewportType1=0
GridSize2=10.000000
PerspectiveCameraLocY2=-0.134369
PerspectiveCameraLocZ2=0.161660
PerspectiveCameraRotZ2=0.770000
ScreenWidth=0
ViewMode2=0
ViewportType2=3
GridSize3=10.000000
PerspectiveCameraLocY3=221.168655
PerspectiveCameraLocZ3=40.007656
PerspectiveCameraRotZ3=-94.799973
ViewMode3=0
OrthoZoomSize=205.599869
ActiveViewportIndex=0
OrthoPivotX=48.349998
OrthoPivotY=-4.250013
OrthoPivotZ=-18.520027
