SplitterH.X=446.012543
SplitterH.Y=480.500000
SplitterH.Height=961.000000
ViewportType3=3
SplitterH.Width=20.000000
CameraSpeedScalar3=1.000000
SplitterV.X=0.000000
SplitterV.Width=984.000000
CameraSpeedScalar2=2.598000
SplitterV.Y=416.270813
SplitterV.Height=20.000000
PerspectiveCameraRotX2=0.000000
ShowFlag1=15
CameraSpeedSetting0=1
CameraSpeedScalar0=2.200000
GridSize0=10.000000
PerspectiveCameraRotY2=0.926283
PerspectiveCameraLocX0=-9.134418
PerspectiveCameraLocY0=0.707669
PerspectiveCameraLocZ0=4.007693
ShowFlag3=15
CameraSpeedSetting2=1
PerspectiveCameraRotX0=0.000000
PerspectiveCameraLocX2=-9.997790
PerspectiveCameraRotY0=23.626280
PerspectiveCameraRotZ0=-4.430019
PerspectiveCameraRotX3=0.000000
CameraSpeedSetting1=1
ShowFlag0=15
bMutiView=0
ViewMode0=1
ViewportType0=0
CameraSpeedScalar1=3.400000
GridSize1=10.000000
PerspectiveCameraRotY3=23.899998
PerspectiveCameraLocX1=-12.458916
ScreenHeight=0
PerspectiveCameraLocY1=1.887910
PerspectiveCameraLocZ1=5.717719
CameraSpeedSetting3=1
ShowFlag2=15
PerspectiveCameraRotX1=0.000000
PerspectiveCameraLocX3=3.457821
PerspectiveCameraRotY1=23.799976
PerspectiveCameraRotZ1=53.699924
ViewMode1=1
ViewportType1=0
GridSize2=10.000000
PerspectiveCameraLocY2=-0.134369
PerspectiveCameraLocZ2=0.161660
PerspectiveCameraRotZ2=0.770000
ScreenWidth=0
ViewMode2=0
ViewportType2=3
GridSize3=10.000000
PerspectiveCameraLocY3=30.354818
PerspectiveCameraLocZ3=14.345372
PerspectiveCameraRotZ3=-87.200005
ViewMode3=0
OrthoZoomSize=11.199985
ActiveViewportIndex=0
OrthoPivotX=-26.299995
OrthoPivotY=0.349985
OrthoPivotZ=1.179971
