SplitterH.X=1053.268311
SplitterH.Y=480.500000
SplitterH.Height=1137.000000
ViewportType3=0
SplitterH.Width=20.000000
CameraSpeedScalar3=1.000000
SplitterV.X=0.000000
SplitterV.Width=1920.000000
CameraSpeedScalar2=2.598000
SplitterV.Y=756.507568
SplitterV.Height=20.000000
PerspectiveCameraRotX2=0.000000
ShowFlag1=15
CameraSpeedSetting0=1
CameraSpeedScalar0=2.200000
GridSize0=10.000000
PerspectiveCameraRotY2=0.926283
PerspectiveCameraLocX0=-305.965454
PerspectiveCameraLocY0=458.333160
PerspectiveCameraLocZ0=64.571136
ShowFlag3=15
CameraSpeedSetting2=1
PerspectiveCameraRotX0=0.000000
PerspectiveCameraLocX2=-28.107929
PerspectiveCameraRotY0=3.826230
PerspectiveCameraRotZ0=-411.730560
PerspectiveCameraRotX3=0.000000
CameraSpeedSetting1=1
ShowFlag0=15
bMutiView=0
ViewMode0=0
ViewportType0=0
CameraSpeedScalar1=3.400000
GridSize1=10.000000
PerspectiveCameraRotY3=25.199997
PerspectiveCameraLocX1=-12.458916
ScreenHeight=0
PerspectiveCameraLocY1=1.887910
PerspectiveCameraLocZ1=5.717719
CameraSpeedSetting3=1
ShowFlag2=15
PerspectiveCameraRotX1=0.000000
PerspectiveCameraLocX3=12.228475
PerspectiveCameraRotY1=23.799976
PerspectiveCameraRotZ1=53.699924
ViewMode1=1
ViewportType1=1
GridSize2=10.000000
PerspectiveCameraLocY2=-27.869390
PerspectiveCameraLocZ2=25.837776
PerspectiveCameraRotZ2=0.770000
ScreenWidth=0
ViewMode2=0
ViewportType2=3
GridSize3=10.000000
PerspectiveCameraLocY3=37.234997
PerspectiveCameraLocZ3=21.359381
PerspectiveCameraRotZ3=-106.700012
ViewMode3=0
OrthoZoomSize=11.199985
ActiveViewportIndex=0
OrthoPivotX=2.899996
OrthoPivotY=0.349985
OrthoPivotZ=3.579970
