SplitterH.X=897.829529
SplitterH.Y=480.500000
SplitterH.Height=1137.000000
ViewportType3=3
SplitterH.Width=20.000000
CameraSpeedScalar3=1.000000
SplitterV.X=0.000000
SplitterV.Width=1920.000000
CameraSpeedScalar2=2.598000
SplitterV.Y=509.234009
SplitterV.Height=20.000000
PerspectiveCameraRotX2=0.000000
ShowFlag1=15
CameraSpeedSetting0=1
CameraSpeedScalar0=2.200000
GridSize0=10.000000
PerspectiveCameraRotY2=57.426292
PerspectiveCameraLocX0=-8.468369
PerspectiveCameraLocY0=-5.727514
PerspectiveCameraLocZ0=0.942299
ShowFlag3=15
CameraSpeedSetting2=1
PerspectiveCameraRotX0=0.000000
PerspectiveCameraLocX2=21.696867
PerspectiveCameraRotY0=8.326285
PerspectiveCameraRotZ0=395.369904
PerspectiveCameraRotX3=0.000000
CameraSpeedSetting1=1
ShowFlag0=15
bMutiView=0
ViewMode0=1
ViewportType0=0
CameraSpeedScalar1=3.400000
GridSize1=10.000000
PerspectiveCameraRotY3=23.899998
PerspectiveCameraLocX1=7.458688
ScreenHeight=2
PerspectiveCameraLocY1=-77.153023
PerspectiveCameraLocZ1=46.743572
CameraSpeedSetting3=1
ShowFlag2=15
PerspectiveCameraRotX1=0.000000
PerspectiveCameraLocX3=3.457821
PerspectiveCameraRotY1=30.199976
PerspectiveCameraRotZ1=73.999916
ViewMode1=1
ViewportType1=0
GridSize2=10.000000
PerspectiveCameraLocY2=25.197018
PerspectiveCameraLocZ2=33.155090
PerspectiveCameraRotZ2=-144.329987
ScreenWidth=2
ViewMode2=0
ViewportType2=0
GridSize3=10.000000
PerspectiveCameraLocY3=30.354818
PerspectiveCameraLocZ3=14.345372
PerspectiveCameraRotZ3=-87.200005
ViewMode3=0
OrthoZoomSize=11.199985
ActiveViewportIndex=2
OrthoPivotX=-22.049997
OrthoPivotY=0.349985
OrthoPivotZ=1.879971
