SplitterH.X=897.829285
SplitterH.Y=480.500000
SplitterH.Height=1137.000000
ViewportType3=0
SplitterH.Width=20.000000
CameraSpeedScalar3=1.000000
SplitterV.X=0.000000
SplitterV.Width=1920.000000
CameraSpeedScalar2=2.598000
SplitterV.Y=509.234009
SplitterV.Height=20.000000
PerspectiveCameraRotX2=0.000000
ShowFlag1=15
CameraSpeedSetting0=1
CameraSpeedScalar0=11.100000
GridSize0=10.000000
PerspectiveCameraRotY2=0.926283
PerspectiveCameraLocX0=-2.216193
PerspectiveCameraLocY0=-5.174117
PerspectiveCameraLocZ0=29.733437
ShowFlag3=15
CameraSpeedSetting2=1
PerspectiveCameraRotX0=0.000000
PerspectiveCameraLocX2=-28.107929
PerspectiveCameraRotY0=4.299978
PerspectiveCameraRotZ0=-2011.256592
PerspectiveCameraRotX3=0.000000
CameraSpeedSetting1=1
ShowFlag0=14
bMutiView=0
ViewMode0=0
ViewportType0=0
CameraSpeedScalar1=3.400000
GridSize1=10.000000
PerspectiveCameraRotY3=2.900005
PerspectiveCameraLocX1=-83.062759
ScreenHeight=3
PerspectiveCameraLocY1=102.590469
PerspectiveCameraLocZ1=418.792908
CameraSpeedSetting3=1
ShowFlag2=15
PerspectiveCameraRotX1=0.000000
PerspectiveCameraLocX3=12.986847
PerspectiveCameraRotY1=39.699982
PerspectiveCameraRotZ1=48.699978
ViewMode1=1
ViewportType1=0
GridSize2=10.000000
PerspectiveCameraLocY2=-27.869390
PerspectiveCameraLocZ2=25.837776
PerspectiveCameraRotZ2=0.770000
ScreenWidth=3
ViewMode2=0
ViewportType2=1
GridSize3=10.000000
PerspectiveCameraLocY3=7.467656
PerspectiveCameraLocZ3=0.758895
PerspectiveCameraRotZ3=-150.100372
ViewMode3=0
OrthoZoomSize=265.599731
ActiveViewportIndex=3
OrthoPivotX=57.949947
OrthoPivotY=-8.850015
OrthoPivotZ=23.829969
