SplitterH.X=897.829285
SplitterH.Y=480.500000
SplitterH.Height=1137.000000
ViewportType3=5
SplitterH.Width=20.000000
CameraSpeedScalar3=1.398000
SplitterV.X=0.000000
SplitterV.Width=1920.000000
CameraSpeedScalar2=2.598000
SplitterV.Y=549.234009
SplitterV.Height=20.000000
PerspectiveCameraRotX2=0.000000
ShowFlag1=15
CameraSpeedSetting0=1
CameraSpeedScalar0=0.198000
GridSize0=10.000000
PerspectiveCameraRotY2=28.426287
PerspectiveCameraLocX0=9.488934
PerspectiveCameraLocY0=7.884203
PerspectiveCameraLocZ0=9.679270
ShowFlag3=15
CameraSpeedSetting2=1
PerspectiveCameraRotX0=0.000000
PerspectiveCameraLocX2=-28.107929
PerspectiveCameraRotY0=35.200089
PerspectiveCameraRotZ0=-488.930115
PerspectiveCameraRotX3=0.000000
CameraSpeedSetting1=1
ShowFlag0=14
bMutiView=0
ViewMode0=0
ViewportType0=0
CameraSpeedScalar1=2.598000
GridSize1=10.000000
PerspectiveCameraRotY3=16.099997
PerspectiveCameraLocX1=194.586548
ScreenHeight=0
PerspectiveCameraLocY1=-160.645935
PerspectiveCameraLocZ1=153.244980
CameraSpeedSetting3=1
ShowFlag2=15
PerspectiveCameraRotX1=0.000000
PerspectiveCameraLocX3=-38.788010
PerspectiveCameraRotY1=24.499966
PerspectiveCameraRotZ1=-1289.299072
ViewMode1=4
ViewportType1=0
GridSize2=10.000000
PerspectiveCameraLocY2=-27.869390
PerspectiveCameraLocZ2=25.837776
PerspectiveCameraRotZ2=3.670001
ScreenWidth=0
ViewMode2=5
ViewportType2=3
GridSize3=10.000000
PerspectiveCameraLocY3=13.646832
PerspectiveCameraLocZ3=10.325531
PerspectiveCameraRotZ3=-1088.897217
ViewMode3=0
OrthoZoomSize=11.199985
ActiveViewportIndex=0
OrthoPivotX=-36.299980
OrthoPivotY=-6.000016
OrthoPivotZ=1.679971
