SplitterH.X=788.640137
SplitterH.Y=0.000000
SplitterH.Height=1137.000000
ViewportType3=0
SplitterH.Width=20.000000
CameraSpeedScalar3=1.000000
SplitterV.X=0.000000
SplitterV.Width=1920.000000
CameraSpeedScalar2=1.000000
SplitterV.Y=567.863281
SplitterV.Height=20.000000
PerspectiveCameraRotX2=0.000000
ShowFlag1=31
CameraSpeedSetting0=1
CameraSpeedScalar0=1.000000
GridSize0=10.000000
PerspectiveCameraRotY2=-6.700000
PerspectiveCameraLocX0=-12.769845
PerspectiveCameraLocY0=-2.117214
PerspectiveCameraLocZ0=0.944007
ShowFlag3=31
CameraSpeedSetting2=1
PerspectiveCameraRotX0=0.000000
PerspectiveCameraLocX2=-18.937506
PerspectiveCameraRotY0=10.199965
PerspectiveCameraRotZ0=31.100004
PerspectiveCameraRotX3=0.000000
CameraSpeedSetting1=1
ShowFlag0=31
bMutiView=0
ViewMode0=0
ViewportType0=2
CameraSpeedScalar1=1.000000
GridSize1=10.000000
PerspectiveCameraRotY3=-16.299999
PerspectiveCameraLocX1=-9.733276
ScreenHeight=1
PerspectiveCameraLocY1=-38.685760
PerspectiveCameraLocZ1=-5.274628
CameraSpeedSetting3=1
ShowFlag2=31
PerspectiveCameraRotX1=0.000000
PerspectiveCameraLocX3=-19.435671
PerspectiveCameraRotY1=-9.100008
PerspectiveCameraRotZ1=96.900040
ViewMode1=0
ViewportType1=0
GridSize2=10.000000
PerspectiveCameraLocY2=-10.989758
PerspectiveCameraLocZ2=-2.131190
PerspectiveCameraRotZ2=28.200005
ScreenWidth=1
ViewMode2=0
ViewportType2=0
GridSize3=10.000000
PerspectiveCameraLocY3=6.950525
PerspectiveCameraLocZ3=-0.956039
PerspectiveCameraRotZ3=-47.299984
ViewMode3=0
OrthoZoomSize=10.000000
ActiveViewportIndex=1
OrthoPivotX=11.500019
OrthoPivotY=-13.699993
OrthoPivotZ=-0.450004
