SplitterH.X=912.640137
SplitterH.Y=0.000000
SplitterH.Height=1137.000000
ViewportType3=0
SplitterH.Width=20.000000
CameraSpeedScalar3=1.000000
SplitterV.X=0.000000
SplitterV.Width=1920.000000
CameraSpeedScalar2=1.000000
SplitterV.Y=538.863281
SplitterV.Height=20.000000
PerspectiveCameraRotX2=0.000000
ShowFlag1=31
CameraSpeedSetting0=1
CameraSpeedScalar0=3.400000
GridSize0=10.000000
PerspectiveCameraRotY2=14.999974
PerspectiveCameraLocX0=64.097656
PerspectiveCameraLocY0=6.185629
PerspectiveCameraLocZ0=4.099229
ShowFlag3=31
CameraSpeedSetting2=1
PerspectiveCameraRotX0=0.000000
PerspectiveCameraLocX2=-36.900639
PerspectiveCameraRotY0=27.999989
PerspectiveCameraRotZ0=-37.199982
PerspectiveCameraRotX3=0.000000
CameraSpeedSetting1=1
ShowFlag0=31
bMutiView=0
ViewMode0=0
ViewportType0=0
CameraSpeedScalar1=27.400005
GridSize1=10.000000
PerspectiveCameraRotY3=-1.200035
PerspectiveCameraLocX1=-1082.116089
ScreenHeight=3
PerspectiveCameraLocY1=-7.881720
PerspectiveCameraLocZ1=493.514374
CameraSpeedSetting3=1
ShowFlag2=31
PerspectiveCameraRotX1=0.000000
PerspectiveCameraLocX3=106.032982
PerspectiveCameraRotY1=11.600024
PerspectiveCameraRotZ1=-1054.196167
ViewMode1=0
ViewportType1=1
GridSize2=10.000000
PerspectiveCameraLocY2=-62.683723
PerspectiveCameraLocZ2=62.248680
PerspectiveCameraRotZ2=0.600055
ScreenWidth=3
ViewMode2=1
ViewportType2=0
GridSize3=10.000000
PerspectiveCameraLocY3=-71.004082
PerspectiveCameraLocZ3=15.743528
PerspectiveCameraRotZ3=159.600143
ViewMode3=0
OrthoZoomSize=6.399995
ActiveViewportIndex=3
OrthoPivotX=2.050014
OrthoPivotY=11.100016
OrthoPivotZ=-0.450004
