SplitterH.X=897.829285
SplitterH.Y=480.500000
SplitterH.Height=1137.000000
ViewportType3=0
SplitterH.Width=20.000000
CameraSpeedScalar3=1.000000
SplitterV.X=0.000000
SplitterV.Width=1920.000000
CameraSpeedScalar2=2.598000
SplitterV.Y=509.234009
SplitterV.Height=20.000000
PerspectiveCameraRotX2=0.000000
ShowFlag1=15
CameraSpeedSetting0=1
CameraSpeedScalar0=2.200000
GridSize0=10.000000
PerspectiveCameraRotY2=28.426287
PerspectiveCameraLocX0=-15.785118
PerspectiveCameraLocY0=13.929770
PerspectiveCameraLocZ0=19.379337
ShowFlag3=15
CameraSpeedSetting2=1
PerspectiveCameraRotX0=0.000000
PerspectiveCameraLocX2=-28.107929
PerspectiveCameraRotY0=66.526237
PerspectiveCameraRotZ0=-61.929928
PerspectiveCameraRotX3=0.000000
CameraSpeedSetting1=1
ShowFlag0=14
bMutiView=0
ViewMode0=0
ViewportType0=0
CameraSpeedScalar1=3.400000
GridSize1=10.000000
PerspectiveCameraRotY3=51.299931
PerspectiveCameraLocX1=7.458688
ScreenHeight=3
PerspectiveCameraLocY1=-77.153023
PerspectiveCameraLocZ1=46.743572
CameraSpeedSetting3=1
ShowFlag2=15
PerspectiveCameraRotX1=0.000000
PerspectiveCameraLocX3=-38.647110
PerspectiveCameraRotY1=25.299973
PerspectiveCameraRotZ1=46.599895
ViewMode1=1
ViewportType1=0
GridSize2=10.000000
PerspectiveCameraLocY2=-27.869390
PerspectiveCameraLocZ2=25.837776
PerspectiveCameraRotZ2=3.670001
ScreenWidth=3
ViewMode2=0
ViewportType2=0
GridSize3=10.000000
PerspectiveCameraLocY3=-4.873265
PerspectiveCameraLocZ3=46.866489
PerspectiveCameraRotZ3=-709.999390
ViewMode3=0
OrthoZoomSize=11.199985
ActiveViewportIndex=3
OrthoPivotX=-31.449987
OrthoPivotY=0.349985
OrthoPivotZ=0.179971
