SplitterH.X=912.640137
SplitterH.Y=0.000000
SplitterH.Height=1137.000000
ViewportType3=0
SplitterH.Width=20.000000
CameraSpeedScalar3=1.000000
SplitterV.X=0.000000
SplitterV.Width=1920.000000
CameraSpeedScalar2=1.000000
SplitterV.Y=596.863281
SplitterV.Height=20.000000
PerspectiveCameraRotX2=0.000000
ShowFlag1=31
CameraSpeedSetting0=1
CameraSpeedScalar0=1.000000
GridSize0=10.000000
PerspectiveCameraRotY2=39.299992
PerspectiveCameraLocX0=-222.156769
PerspectiveCameraLocY0=125.003006
PerspectiveCameraLocZ0=30.043915
ShowFlag3=31
CameraSpeedSetting2=1
PerspectiveCameraRotX0=0.000000
PerspectiveCameraLocX2=-432.143494
PerspectiveCameraRotY0=16.699995
PerspectiveCameraRotZ0=13.299864
PerspectiveCameraRotX3=0.000000
CameraSpeedSetting1=1
ShowFlag0=31
bMutiView=1
ViewMode0=0
ViewportType0=0
CameraSpeedScalar1=10.000000
GridSize1=10.000000
PerspectiveCameraRotY3=-9.000045
PerspectiveCameraLocX1=792.148438
ScreenHeight=2
PerspectiveCameraLocY1=-17188.537109
PerspectiveCameraLocZ1=65161.175781
CameraSpeedSetting3=1
ShowFlag2=31
PerspectiveCameraRotX1=0.000000
PerspectiveCameraLocX3=272.886169
PerspectiveCameraRotY1=-24.399923
PerspectiveCameraRotZ1=-989.090759
ViewMode1=0
ViewportType1=5
GridSize2=10.000000
PerspectiveCameraLocY2=122.831497
PerspectiveCameraLocZ2=442.209076
PerspectiveCameraRotZ2=-5.199504
ScreenWidth=2
ViewMode2=1
ViewportType2=4
GridSize3=10.000000
PerspectiveCameraLocY3=-350.304321
PerspectiveCameraLocZ3=7.397659
PerspectiveCameraRotZ3=127.899834
ViewMode3=0
OrthoZoomSize=7.599995
ActiveViewportIndex=2
OrthoPivotX=-1.599956
OrthoPivotY=1.300016
OrthoPivotZ=0.999997
