SplitterH.X=912.640137
SplitterH.Y=0.000000
SplitterH.Height=1137.000000
ViewportType3=0
SplitterH.Width=20.000000
CameraSpeedScalar3=1.000000
SplitterV.X=0.000000
SplitterV.Width=1920.000000
CameraSpeedScalar2=1.000000
SplitterV.Y=596.863281
SplitterV.Height=20.000000
PerspectiveCameraRotX2=0.000000
ShowFlag1=31
CameraSpeedSetting0=1
CameraSpeedScalar0=1.000000
GridSize0=10.000000
PerspectiveCameraRotY2=-10.400042
PerspectiveCameraLocX0=10.617853
PerspectiveCameraLocY0=-28.868130
PerspectiveCameraLocZ0=101.034744
ShowFlag3=31
CameraSpeedSetting2=1
PerspectiveCameraRotX0=0.000000
PerspectiveCameraLocX2=14.255246
PerspectiveCameraRotY0=77.499985
PerspectiveCameraRotZ0=150.499969
PerspectiveCameraRotX3=0.000000
CameraSpeedSetting1=1
ShowFlag0=31
bMutiView=0
ViewMode0=0
ViewportType0=1
CameraSpeedScalar1=27.400005
GridSize1=10.000000
PerspectiveCameraRotY3=-28.000031
PerspectiveCameraLocX1=108.800125
ScreenHeight=1
PerspectiveCameraLocY1=-432.362701
PerspectiveCameraLocZ1=5762.175293
CameraSpeedSetting3=1
ShowFlag2=31
PerspectiveCameraRotX1=0.000000
PerspectiveCameraLocX3=-19.435671
PerspectiveCameraRotY1=24.000040
PerspectiveCameraRotZ1=-1064.691772
ViewMode1=0
ViewportType1=0
GridSize2=10.000000
PerspectiveCameraLocY2=-76.993546
PerspectiveCameraLocZ2=19.343872
PerspectiveCameraRotZ2=101.100044
ScreenWidth=1
ViewMode2=1
ViewportType2=0
GridSize3=10.000000
PerspectiveCameraLocY3=6.950525
PerspectiveCameraLocZ3=-0.956039
PerspectiveCameraRotZ3=-61.700005
ViewMode3=0
OrthoZoomSize=38.800007
ActiveViewportIndex=1
OrthoPivotX=3.050024
OrthoPivotY=0.700010
OrthoPivotZ=-0.450004
